[Header]
iVersion=1.1DigitalSLideStudioLinux
tOperatorID=d1a91842-dec4-4a0a-acd2-1e4a47cae935
tTimeOfScan=%DATE%
tWebSlideTitle=
lXStageRef=50896
lYStageRef=32666
iImageWidth=2000
iImageHeight=2000
lXStepSize=8000
lYStepSize=8000
lXOffset=0
lYOffset=0
dMagnification=%MAGNIFICATION%
tImageType=.jpg
iFinalImageQuality=80
iAnalysisImageCount=%AMOUNTOFTILES%
iCalibrationImageCount=0
AIL=12.0.14 
bHasThumb=1
bHasMacro=1
bHasLabel=1
iLayers=1
iLevels=%AMOUNTOFLEVELS%
tMPP=0.496900
tDescription=Aperio Image Library v12.0.14   8192x7168 (2000x2000) JPEG Q=80;Aperio Image Library vFS90 01  58880x48433 [0,100 57448x48333] (256x256) JPEG/RGB Q=70|AppMag = 20|StripeWidth = 1840|ScanScope ID = SS5306|Filename = 90284|Date = 05/03/13|Time = 16:03:31|Time Zone = GMT+01:00|User = d1a91842-dec4-4a0a-acd2-1e4a47cae935|Parmset = COVERSLIP|MPP = 0.4969|Left = 25.313839|Top = 24.087423|LineCameraSkew = 0.000794|LineAreaXOffset = 0.008057|LineAreaYOffset = -0.005012|Focus Offset = -0.000500|DSR ID = panacea|ImageID = 90284|Exposure Time = 109|Exposure Scale = 0.000001|DisplayColor = 0|OriginalWidth = 58880|OriginalHeight = 48433|ICC Profile = ScanScope v1
tTotalFileSize=624223872
[Level0]
iZoom=1
iWidth=8192
iHeight=7168
iQuality=80
[Level1]
iZoom=4
iWidth=14362
iHeight=12083
iQuality=90
[Level2]
iZoom=16
iWidth=3590
iHeight=3020
iQuality=95
[Da0]
x=12384
y=10336
z=0
[Da1]
x=4384
y=10336
z=0
[Da2]
x=-3616
y=10336
z=0
[Da3]
x=-11616
y=10336
z=0
[Da4]
x=-19616
y=10336
z=0
[Da5]
x=12384
y=2336
z=0
[Da6]
x=4384
y=2336
z=0
[Da7]
x=-3616
y=2336
z=0
[Da8]
x=-11616
y=2336
z=0
[Da9]
x=-19616
y=2336
z=0
[Da10]
x=12384
y=-5664
z=0
[Da11]
x=4384
y=-5664
z=0
[Da12]
x=-3616
y=-5664
z=0
[Da13]
x=-11616
y=-5664
z=0
[Da14]
x=-19616
y=-5664
z=0
[Da15]
x=12384
y=-13664
z=0
[Da16]
x=4384
y=-13664
z=0
[Da17]
x=-3616
y=-13664
z=0
[Da18]
x=-11616
y=-13664
z=0
[Da19]
x=-19616
y=-13664
z=0
